0 0
1 3
2 2
3 5
4 4
5 7
6 6
7 9
8 8
9 11
10 10
11 13
12 12
13 15
14 14
15 17
16 16
17 19
18 18
19 21
20 20
21 23
22 22
23 25
24 24
25 27
26 26
27 29
28 28
29 31
30 30
31 33
32 32
33 35
34 34
35 37
36 36
37 39
38 38
39 41
40 40
41 43
42 42
43 45
44 44
45 47
46 46
47 49
48 48
49 51
50 50
51 53
52 52
53 55
54 54
55 57
56 56
57 59
58 58
59 61
60 60
61 63
62 62
63 65
64 64
65 67
66 66
67 69
68 68
69 71
70 70
71 73
72 72
73 75
74 74
75 77
76 76
77 79
78 78
79 81
80 80
81 83
82 82
83 85
84 84
85 87
86 86
87 89
88 88
89 91
90 90
91 93
92 92
93 95
94 94
95 97
96 96
97 99
98 98
99 101
100 100
101 103
102 102
103 105
104 104
105 107
106 106
107 109
108 108
109 111
110 110
111 113
112 112
113 115
114 114
115 117
116 116
117 119
118 118
119 121
120 120
121 123
122 122
123 125
124 124
125 127
126 126
127 129
128 128
129 131
130 130
131 133
132 132
133 135
134 134
135 137
136 136
137 139
138 138
139 141
140 140
141 143
142 142
143 145
144 144
145 147
146 146
147 149
148 148
149 151
150 150
151 153
152 152
153 155
154 154
155 157
156 156
157 159
158 158
159 161
160 160
161 163
162 162
163 165
164 164
165 167
166 166
167 169
168 168
169 171
170 170
171 173
172 172
173 175
174 174
175 177
176 176
177 179
178 178
179 181
180 180
181 183
182 182
183 185
184 184
185 187
186 186
187 189
188 188
189 191
190 190
191 193
192 192
193 195
194 194
195 197
196 196
197 199
198 198
199 201
200 200
201 203
202 202
203 205
204 204
205 207
206 206
207 209
208 208
209 211
210 210
211 213
212 212
213 215
214 214
215 217
216 216
217 219
218 218
219 221
220 220
221 223
222 222
223 225
224 224
225 227
226 226
227 229
228 228
229 231
230 230
231 233
232 232
233 235
234 234
235 237
236 236
237 239
238 238
239 241
240 240
241 243
242 242
243 245
244 244
245 247
246 246
247 249
248 248
249 251
250 250
251 253
252 252
253 255
254 254
255 1
